0 182618 346663
0 171461 348130
0 186536 330019
0 177241 292639
0 248683 383412
0 174057 358906
0 215243 289985
0 170688 343596
0 144502 345417
0 165689 356983
0 168443 367928
0 165158 343946
0 159711 352701
0 175781 341039
0 233480 289069
0 189029 366740
0 168573 350387
0 170271 306395
0 192775 350028
0 152054 345632
0 139299 314046
0 202053 322650
0 134695 350397
0 159654 381778
0 188093 324040
0 183236 338163
0 156984 430950
0 182751 435819
0 198908 372797
0 198517 325721
0 161345 350804
0 210497 359835
0 141993 331189
0 170788 373545
0 166449 363036
0 155479 345893
0 186380 363938
0 129332 360811
0 224225 376975
0 165945 345849
0 223550 323197
0 122755 434879
0 166584 349245
0 179472 342273
0 148749 359845
0 177505 332053
0 160222 380591
0 178869 370161
0 170002 370000
0 164354 347671
0 169966 368623
0 145867 363616
0 181561 358111
0 164915 350360
0 166973 341636
0 153181 277968
0 155505 355581
0 160835 347784
0 211265 396792
0 203254 362605
0 137967 354539
0 174064 357989
0 179609 408365
0 176506 351827
0 172879 347028
0 180506 330980
0 185966 359964
0 146070 316860
0 152957 321354
0 163190 331719
0 186914 361706
0 159191 309314
0 170425 316185
0 162040 316797
0 195000 354829
0 126702 351222
0 213064 290947
0 140612 350010
0 172885 352621
0 170155 343568
0 186806 334070
0 146072 288800
0 169293 348686
0 169502 411323
0 152861 407965
0 156041 295117
0 117585 391892
0 163981 344090
0 158664 310765
0 141113 351050
0 163796 345091
0 160369 353500
0 235671 300234
0 140876 334435
0 108232 373112
0 192460 388323
0 133744 308918
0 216209 437830
0 156945 339397
0 199859 316334
0 159496 331641
0 167845 341409
0 182435 365508
0 133795 360518
0 169628 365003
0 167262 399527
0 177728 352687
0 130683 363204
0 198197 344933
0 197735 355477
0 172020 342883
0 185561 342784
0 202011 337353
0 157394 346500
0 182050 424341
0 129664 341196
0 173188 355248
0 182499 310438
0 170384 339979
0 182093 321311
0 185696 338006
0 102221 374657
0 165881 364469
0 164875 349007
0 159120 340829
0 168274 374689
0 178495 373915
0 179811 342089
0 162606 363185
0 173908 362098
0 133580 348602
0 190634 357254
0 186503 369651
0 127134 379827
0 169145 355279
0 140121 346875
0 141860 324304
0 200251 306215
0 174373 363552
0 170022 347877
0 165657 338722
0 186361 351075
0 213022 338238
0 155228 357729
0 171614 435530
0 175586 365049
0 187858 381077
0 171074 293610
0 153738 360530
0 199043 270173
0 165886 348709
0 159428 300364
0 197463 378513
0 161273 347538
0 186082 330058
0 143732 279724
0 142899 329415
0 156977 424622
0 174878 362329
0 148915 338914
0 187324 377187
0 175766 380534
0 185071 362905
0 158550 354818
0 174672 345849
0 169880 343122
0 109090 326101
0 187854 354777
0 153903 353738
0 190241 329582
0 102983 382712
0 143117 345163
0 188985 367645
0 174834 411644
0 144228 344974
0 146821 297434
0 171848 343242
0 94382 320888
0 154412 310120
0 176490 344679
0 170616 352610
0 81648 360080
0 153607 379395
0 183970 355973
0 105444 361358
0 158571 361986
0 177579 319865
0 198892 322470
0 216975 296647
0 166654 350678
0 189102 333074
0 198712 303299
0 137098 384889
0 144306 328086
0 142455 343512
0 178319 318244
0 168886 353913
0 174656 393278
0 130805 354417
0 176433 350561
0 142252 329183
0 165476 377389
0 210102 333312
0 129453 321221
0 144705 375936
0 206687 342276
0 153583 352282
0 189499 356601
0 159392 351000
0 181463 326571
0 162975 335389
0 157691 334886
0 154167 353183
0 165607 362883
0 182239 333302
0 176982 354631
0 183516 374212
0 191099 341570
0 184570 360446
0 207804 354938
0 198493 326704
0 149269 341445
0 184798 392233
0 174438 319075
0 107124 325984
0 76052 360840
0 159302 337993
0 140101 341028
0 168149 345638
0 150009 371014
0 157193 350343
0 111476 358647
0 151164 332239
0 171318 373473
0 175169 349454
0 162600 392531
0 168067 340249
0 170102 323164
0 124132 340448
0 149863 284721
0 168079 347343
0 128953 304971
0 169228 364545
0 198415 321418
0 183610 321788
0 220869 407358
0 159472 372246
0 170837 353968
0 165653 317602
0 135537 356169
0 166973 334724
0 158750 312102
0 161448 373412
0 158713 379013
0 180493 319750
0 125715 302114
0 194033 340466
0 158871 312380
0 161387 343617
0 169121 347594
0 167653 352074
0 125902 318850
0 217686 296514
0 171986 429306
0 211360 279794
0 157181 346842
0 188909 341194
0 140128 325904
0 117874 389929
0 162921 317643
0 173978 346514
0 98533 355691
0 194956 372256
0 164847 287064
0 174410 372064
0 149092 352682
0 166323 352927
0 178515 370287
0 169337 348605
0 122986 334382
0 145282 391482
0 185919 363092
0 180519 368284
0 181227 347052
0 168284 309036
0 198251 335402
0 160922 347681
0 141861 328909
0 147911 328024
0 178264 330827
0 178235 346006
0 195151 317753
0 122360 357480
0 167330 332452
0 115363 305575
0 185661 404482
0 177858 352255
0 113068 317574
0 125675 360158
0 172842 351663
0 169069 348929
0 185253 344152
0 155625 262321
0 158201 315944
0 171277 361020
0 209553 326461
0 160165 362858
0 190725 336160
0 169994 409806
0 179463 361279
0 172662 388185
0 165284 425978
0 160206 303063
0 155690 368375
0 124516 325289
0 179326 321160
0 165573 305517
0 155508 372355
0 166799 318482
0 161780 324523
0 168805 351913
0 206519 355629
0 163091 350167
0 176144 353300
0 179483 359645
0 213951 352868
0 164046 346109
0 169569 346955
0 225356 318394
0 214966 358837
0 159253 343477
0 219779 330969
0 169876 340860
0 276794 384458
1 225786 529417
1 221233 538472
1 124724 459999
1 165104 543395
1 139903 592241
1 132705 557674
1 114311 601605
1 102460 533057
1 185935 554627
1 123441 594415
1 97216 564094
1 110948 539533
1 101553 517715
1 133023 574572
1 144570 573936
1 136531 557658
1 173576 507309
1 179189 536028
1 141238 557986
1 156430 615117
1 69169 631490
1 31842 565765
1 144620 575370
1 155899 561715
1 137451 555339
1 68388 574380
1 166290 521714
1 210499 526471
1 148319 584541
1 135336 552552
1 136606 562296
1 136301 569544
1 119386 620549
1 139212 557713
1 84501 604671
1 176602 574552
1 105945 528795
1 140989 537156
1 138449 555969
1 128669 574591
1 95749 602775
1 139460 557260
1 130440 562623
1 147885 527813
1 58190 608304
1 151701 574146
1 148385 538149
1 142668 544976
1 145251 553486
1 142265 546135
1 202913 525966
1 192564 547558
1 179240 577011
1 182840 584262
1 144242 557674
1 135849 550612
1 101427 615890
1 143265 548387
1 112379 547679
1 137347 622867
1 139146 569516
1 125756 579609
1 77109 512651
1 138073 556272
1 202547 601240
1 19835 570290
1 118137 579149
1 201324 574588
1 113259 568684
1 139052 610320
1 177246 571940
1 107972 601191
1 138199 541774
1 220156 589643
1 137787 566189
1 138122 557230
1 93136 613387
1 154620 576738
1 131523 568207
1 136967 565662
1 142886 556511
1 125005 540340
1 138965 558201
1 139474 569485
1 171471 576787
1 157138 565993
1 198294 552987
1 136078 547418
1 140164 531093
1 156003 502860
1 67867 545392
1 133780 533275
1 116142 550919
1 148510 579793
1 179224 584189
1 149906 546909
1 29760 557873
1 115287 602637
1 206561 574789
1 108651 521409
1 115905 560139
1 127373 549518
1 141699 530028
1 141641 557376
1 111855 531542
1 136580 553967
1 137516 556818
1 179793 483378
1 105568 584102
1 125840 520239
1 117212 565692
1 140717 554093
1 139033 593287
1 172882 571145
1 104862 608089
1 158366 537970
1 138525 534268
1 69565 599820
1 94571 528963
1 153185 562792
1 147599 513563
1 223226 546198
1 143879 536650
1 151099 518008
1 109317 531425
1 127202 525948
1 137740 618961
1 138734 557713
1 109912 565003
1 158060 525533
1 134449 557556
1 121650 599844
1 188992 563992
1 207218 589497
1 179830 547383
1 152331 529689
1 112184 530469
1 166904 503121
1 183026 545377
1 152658 569277
1 172116 513383
1 95899 530846
1 144325 538991
1 166597 572855
1 105193 596017
1 166840 562425
1 117089 561455
1 141718 549576
1 117959 536156
1 125351 529954
1 140706 547367
1 138012 558263
1 135284 555664
1 142663 556520
1 112673 516997
1 137657 611252
1 119237 591137
1 186380 487625
1 113099 546732
1 176278 550602
1 158773 588778
1 140962 518168
1 144856 551807
1 155943 576199
1 152584 564548
1 165356 570715
1 127858 609681
1 149758 564768
1 129550 560106
1 159271 568953
1 151374 538387
1 129030 588495
1 155430 549012
1 172756 612694
1 93459 514032
1 99569 523174
1 148080 544056
1 169322 577938
1 173847 514665
1 136418 562926
1 140047 540043
1 74519 527539
1 146681 562995
1 110877 562558
1 95071 503965
1 136232 576477
1 146120 576624
1 107965 535173
1 103153 601002
1 158283 570550
1 206219 604081
1 116492 509399
1 97430 598804
1 193275 538687
1 116860 550810
1 179834 541387
1 143226 522375
1 111174 539350
1 94933 588147
1 139434 557410
1 131532 536658
1 38179 532155
1 113321 606322
1 123905 508486
1 201753 569116
1 206660 575002
1 138884 529162
1 139636 565984
1 110479 594587
1 76253 529394
1 160280 493497
1 161475 587507
1 149054 556986
1 223408 520131
1 158596 562634
1 141991 539522
1 137172 523482
1 161154 538355
1 130157 581286
1 142000 554964
1 86243 559135
1 130883 557824
1 127964 538935
1 122130 568886
1 210597 589836
1 139847 552015
1 147664 559632
1 167716 562762
1 130657 555545
1 165382 518876
1 221994 575146
1 87236 607429
1 154268 542573
1 197367 535989
1 133094 557996
1 155274 552551
1 139911 561185
1 146924 565933
1 146183 622188
1 176092 531921
1 184402 546549
1 139641 557503
1 170816 547069
1 156474 570384
1 146678 558942
1 136569 532130
1 162124 500069
1 127503 623654
1 182854 534283
1 141222 572556
1 177665 557923
1 201907 516078
1 130249 579307
1 166560 559687
1 138220 560056
1 134725 537440
1 127940 590467
1 143592 606949
1 64979 538104
1 94061 576129
1 79285 554817
1 103192 550021
1 198823 538624
1 145758 562414
1 211584 591058
1 139451 549580
1 220224 592068
1 150404 539885
1 142767 538646
1 143912 595772
1 184412 537050
1 55359 623076
1 137197 556522
1 138461 558771
1 80673 566893
1 203667 577260
1 94249 600812
1 145244 561042
1 94458 533883
1 130201 562734
1 98675 580608
1 134422 544300
1 141771 551655
1 141924 558399
1 137316 562151
1 143363 551365
1 197849 575524
1 134261 519275
1 129997 568115
1 170494 560892
1 164453 544085
1 128788 546091
1 88703 577217
1 131109 568012
1 95074 570002
1 232047 522748
1 125548 552424
1 142563 560090
1 118391 553625
1 132497 593125
1 162713 586568
1 122296 566921
1 56907 586609
1 48143 523870
1 104489 542515
1 130582 565948
1 180633 570302
1 178005 594957
1 211266 534538
1 137680 555667
1 144401 565666
1 101722 535117
1 115781 594942
1 107160 530936
1 139978 587153
1 179931 536588
1 105353 589239
1 119496 543146
1 142575 517378
1 76661 531044
1 137699 556769
1 154964 554923
1 142516 559062
1 98525 579761
1 163925 576666
1 153326 558408
1 102898 592834
1 138349 554238
1 193502 557364
1 202175 495076
1 154162 536416
1 77875 516899
1 163477 561507
1 131874 552586
1 120357 560737
1 119535 551857
1 114108 540537
1 136059 558213
1 121786 564225
1 233105 591646
1 149760 577278
1 139237 548782
1 34795 606311
1 147663 555514
1 108512 525986
2 196462 887983
2 335970 846828
2 272394 837600
2 211165 825505
2 226433 837646
2 219686 859997
2 242087 844255
2 213558 873714
2 245144 845719
2 247997 878582
2 283576 809069
2 224676 859348
2 298214 820903
2 245468 859425
2 222704 824909
2 250921 819639
2 249209 801933
2 230591 874855
2 234091 876039
2 286769 862152
2 224789 866804
2 245023 849247
2 263626 851699
2 250198 825417
2 231263 863308
2 307605 840195
2 276635 875623
2 230399 842538
2 274070 798617
2 247939 831010
2 209922 850026
2 300726 862728
2 222727 770963
2 239505 885057
2 291561 845450
2 221122 832810
2 194258 914691
2 228928 855040
2 264627 808661
2 225916 843329
2 240221 843932
2 276600 823311
2 204854 810013
2 278326 829095
2 246047 846189
2 251032 876118
2 285258 848668
2 260943 889692
2 245928 867228
2 221002 870506
2 292872 896822
2 261896 897475
2 269723 849664
2 243941 843256
2 249370 872804
2 237120 856814
2 257472 849587
2 253703 834676
2 238080 830689
2 225991 869734
2 231781 799444
2 296892 901182
2 234604 822462
2 241473 860854
2 219864 842635
2 235901 856563
2 207217 878249
2 256949 820470
2 204597 863162
2 325275 866433
2 239344 814789
2 187894 871219
2 259973 862559
2 189752 865463
2 245707 844466
2 188480 870646
2 305915 854818
2 242443 851797
2 227138 824372
2 229970 878786
2 281971 825246
2 241166 845204
2 225846 874086
2 284077 905181
2 258975 837353
2 241972 840749
2 245602 857160
2 227363 836593
2 257926 936947
2 237689 839510
2 267799 847911
2 207552 772091
2 201567 881003
2 265125 820661
2 273165 852766
2 290210 818593
2 256487 868899
2 271395 862063
2 251958 886571
2 249253 856047
2 268289 878265
2 295375 861990
2 256316 818886
2 246470 842932
2 314666 849163
2 298979 774144
2 192885 887667
2 227819 900986
2 250003 859517
2 249857 844975
2 218369 851387
2 252586 806474
2 283017 850861
2 228095 843338
2 266980 825990
2 241381 844402
2 294053 878220
2 253339 750941
2 241413 845029
2 294326 807584
2 257856 846423
2 248210 886338
2 216846 737568
2 244743 830888
2 277055 860813
2 279923 805957
2 235041 823732
2 238524 842928
2 246453 883061
2 260590 827955
2 274554 845338
2 245254 907991
2 299821 866288
2 261120 804153
2 246729 879602
2 240308 844341
2 220620 819091
2 268926 813783
2 234219 845270
2 188424 849785
2 240171 843940
2 163766 859386
2 191257 802651
2 224852 934148
2 261093 844962
2 228711 848090
2 183478 851724
2 201080 823689
2 118590 857150
2 264798 767716
2 313609 860065
2 232246 844226
2 237757 834092
2 222682 806314
2 243331 844022
2 197362 870337
2 229857 843917
2 244257 776516
2 224083 852922
2 309399 838744
2 271205 817620
2 242247 864253
2 235337 831592
2 232357 810798
2 252199 828023
2 267049 950249
2 245678 821691
2 241138 844374
2 246182 840370
2 264175 824349
2 266977 887963
2 274685 883097
2 244260 847060
2 256073 917590
2 258416 835432
2 241687 844256
2 282603 846165
2 228032 893055
2 226949 889283
2 264274 813041
2 139601 914203
2 229131 842806
2 236274 861302
2 261819 863523
2 200005 825237
2 310591 841778
2 244049 817710
2 235022 911236
2 256512 837094
2 236495 861569
2 256889 880721
2 258528 856273
2 233284 860085
2 257480 849037
2 269354 811847
2 222445 891438
2 222356 840843
2 236207 886769
2 174371 864697
2 159683 838958
2 237750 837381
2 241545 838673
2 256082 831969
2 246468 838071
2 205919 844377
2 266111 813259
2 244246 847589
2 244899 812192
2 219316 898830
2 251866 864044
2 238308 790723
2 209264 836661
2 242519 845811
2 351883 890475
2 278929 842054
2 244027 850132
2 248570 843156
2 224681 858432
2 210276 824826
2 220884 916718
2 240846 841609
2 257093 801567
2 236749 813868
2 332237 911313
2 288954 846991
2 238084 844799
2 236431 844100
2 299772 828655
2 241633 846949
2 230107 858332
2 256216 903741
2 258135 880184
2 232331 872896
2 183583 787453
2 264293 890923
2 213208 833959
2 224288 931476
2 261622 869706
2 297183 841456
2 241849 815141
2 308616 811021
2 220931 876605
2 289719 866638
2 233931 838374
2 224694 848663
2 240645 855514
2 229567 855332
2 247613 815836
2 239387 847822
2 257788 880587
2 245532 846331
2 224241 828996
2 227582 856861
2 244618 845420
2 213775 841758
2 243511 830743
2 244799 841688
2 216061 848623
2 294492 832336
2 248931 844960
2 267478 894783
2 228715 837572
2 269483 848608
2 248276 844455
2 236987 881080
2 223732 826580
2 230149 886583
2 265299 859533
2 181803 799487
2 247210 859012
2 261633 773355
2 262370 891499
2 250394 847577
2 222019 839774
2 238328 770068
2 208941 860169
2 238714 858826
2 241005 825301
2 270742 847836
2 238492 833394
2 312726 853829
2 286663 846902
2 261796 819395
2 253890 807676
2 242415 844335
2 134134 842630
2 163956 833732
2 250359 849451
2 295357 842293
2 218942 848326
2 205466 778884
2 253899 862843
2 244966 841126
2 208494 850615
2 221126 837878
2 271093 861412
2 216543 842952
2 255185 825960
2 251070 877802
2 264565 859237
2 228611 836717
2 228517 837056
2 198583 860431
2 215976 836025
2 254411 848090
2 168036 807011
2 292194 906490
2 243951 865415
2 260922 785987
2 245740 814541
2 317675 838127
2 274505 864723
2 230049 865536
2 235084 818866
2 172690 847721
2 221706 875060
2 236740 853169
2 298800 824277
2 265246 889333
2 219498 851932
2 247484 846372
2 288675 919879
2 229280 813483
2 282622 879222
2 307300 836132
2 238260 882489
2 219049 825171
2 219321 848396
2 240028 849354
2 212009 864463
2 246857 852483
2 245118 811283
2 247855 794626
2 253655 821946
2 241475 850889
2 210162 860529
2 204922 854068
2 225567 853078
2 245258 799882
2 257134 845851
2 187314 815820
3 294275 174786
3 329428 66056
3 325938 164475
3 253129 154296
3 319838 170383
3 240213 118409
3 283784 178305
3 376613 159699
3 338717 181582
3 304283 183656
3 314519 146787
3 270899 175377
3 291228 101272
3 291170 110147
3 321522 163852
3 202627 179376
3 307913 91419
3 311093 169734
3 321775 164846
3 294832 124284
3 295537 91032
3 383044 180418
3 338570 192256
3 337894 175289
3 359796 165920
3 316263 163806
3 320972 170417
3 277860 111893
3 367806 123963
3 359352 162962
3 350964 149159
3 332201 181702
3 287966 150135
3 346942 152780
3 232784 169847
3 292492 99170
3 334529 166765
3 363208 238649
3 196795 190277
3 353333 113156
3 373191 88470
3 333789 151168
3 339732 163158
3 321822 187102
3 276792 141848
3 308044 164482
3 311328 159477
3 383052 89061
3 316820 150304
3 314479 178821
3 310824 144943
3 333143 200298
3 300672 175844
3 339482 151261
3 319208 164182
3 321645 164662
3 308763 166511
3 308066 145825
3 360143 155270
3 348893 195430
3 319283 158983
3 332284 194186
3 292402 184441
3 361227 221878
3 313573 109221
3 310693 154278
3 344482 215846
3 358652 186358
3 330533 214555
3 320400 160020
3 267662 127175
3 396583 82842
3 292193 125417
3 324121 96346
3 321344 166633
3 234837 151054
3 368060 76739
3 347050 150472
3 245783 109229
3 400550 144359
3 343217 153037
3 315488 160339
3 347406 155708
3 336845 172750
3 357014 148222
3 331862 169092
3 322140 165212
3 363075 162238
3 318738 182134
3 346717 178180
3 311819 140674
3 332032 157725
3 301983 173386
3 321556 163352
3 315830 102777
3 312275 145173
3 325861 203058
3 360703 150999
3 345976 148333
3 320210 191459
3 318665 158107
3 264427 188193
3 348177 179526
3 265430 151883
3 320718 158610
3 380609 185976
3 345234 188822
3 362027 150348
3 300294 178772
3 315963 174031
3 333787 189423
3 337343 156614
3 334812 137431
3 347492 153416
3 324518 167369
3 353991 193997
3 274321 219665
3 335476 183897
3 300021 159185
3 384591 137729
3 320000 162605
3 268938 211870
3 366146 196571
3 356280 185198
3 325767 164095
3 350480 214608
3 314791 163370
3 302582 134124
3 328851 147002
3 347039 195468
3 289531 145743
3 343018 239960
3 271123 163465
3 326959 154655
3 332307 189590
3 310529 141617
3 380281 205779
3 411606 137378
3 348191 165419
3 305292 175260
3 256120 141529
3 390934 170420
3 358562 112650
3 355499 224982
3 363437 77975
3 232043 177614
3 246753 175170
3 327204 152871
3 371685 151612
3 291723 177824
3 324488 180658
3 340048 131847
3 295311 115000
3 239495 163949
3 267521 119941
3 401396 125431
3 260930 184935
3 336085 170252
3 291782 159562
3 307616 207295
3 352910 145624
3 294653 104623
3 372883 222824
3 318707 160697
3 281548 175184
3 307747 128551
3 336991 217448
3 270233 195701
3 311433 134432
3 375353 117180
3 315146 160782
3 311163 166821
3 305333 171939
3 332470 161202
3 302266 185591
3 370775 144355
3 314552 151035
3 343145 172236
3 331212 162496
3 299460 144708
3 383894 179880
3 345703 149860
3 331381 162660
3 344364 213940
3 378347 144880
3 322789 137560
3 328425 159826
3 341137 78287
3 317771 154916
3 336266 148507
3 342066 119083
3 297177 88467
3 280519 165350
3 305901 166656
3 284757 175853
3 281732 221764
3 321262 178491
3 344710 213543
3 311408 168232
3 356500 188114
3 304376 222294
3 278116 185472
3 247892 115217
3 306326 164202
3 311516 94189
3 323747 163351
3 321778 158339
3 309501 166931
3 333942 143344
3 339393 209145
3 340996 170964
3 315333 144566
3 332853 168141
3 290958 168323
3 297731 175876
3 280274 182662
3 306540 193434
3 319155 159850
3 355168 114823
3 270201 236813
3 347630 120931
3 371052 147369
3 403365 215735
3 258201 153095
3 335121 214149
3 283786 133973
3 353951 133923
3 345069 165968
3 367079 183232
3 363932 228249
3 354132 161850
3 390538 157197
3 333805 148479
3 325344 159885
3 323905 168029
3 274495 182470
3 309684 150076
3 381617 157000
3 322841 169735
3 359520 132845
3 249616 144446
3 321620 169950
3 415495 116126
3 335742 196692
3 271424 251323
3 340066 152500
3 327734 163585
3 346079 220993
3 276741 143844
3 377042 182019
3 400055 131725
3 332246 172932
3 310386 171068
3 327569 158418
3 324444 166910
3 317217 163896
3 270404 183080
3 277512 151920
3 324966 170021
3 306421 145493
3 382419 110392
3 318266 171979
3 321245 141627
3 318192 170844
3 320821 165455
3 329029 204399
3 311065 219934
3 287127 192494
3 283571 109326
3 308748 199866
3 369490 164369
3 270729 67329
3 279010 181792
3 282957 179982
3 308489 145929
3 327927 168535
3 327022 161396
3 376557 109320
3 248427 146381
3 321182 150806
3 312337 154488
3 268518 181514
3 285865 167818
3 279251 184486
3 306042 66361
3 318215 180010
3 293978 197091
3 338044 233264
3 293864 241877
3 344380 183817
3 316257 171544
3 248779 111087
3 313783 177198
3 415534 110526
3 296164 96874
3 315670 160928
3 339137 160334
3 290700 196285
3 307107 174760
3 325279 168587
3 328423 161604
3 333883 276840
3 308555 134011
3 322101 164171
3 306357 123397
3 292931 125341
3 284378 223470
3 335003 151395
3 267212 158699
3 343851 193618
3 296627 93375
3 334980 143900
3 335235 180161
3 360945 167952
3 257841 193878
3 275288 212315
3 331798 143962
3 333937 51121
3 328775 156501
3 319829 168353
3 293201 192871
3 327608 177638
3 332562 174699
3 348815 150017
3 312227 159417
3 324337 162686
3 323329 93955
3 291973 127483
3 258779 106777
3 325360 134919
3 267264 153034
3 312421 170617
3 293350 175997
3 275459 190178
3 244344 185382
3 252845 181181
3 357923 192120
3 382720 263255
3 326040 156509
3 416763 96639
4 499262 398424
4 488205 420586
4 406184 394506
4 417996 408162
4 428667 451233
4 425386 379634
4 388202 405780
4 370955 325071
4 353749 391896
4 398629 401626
4 393402 401018
4 465599 383470
4 400257 404936
4 444610 400247
4 392046 391220
4 410506 395586
4 424782 449687
4 384467 407359
4 397399 403186
4 449683 388863
4 387756 435588
4 451753 383440
4 414448 429790
4 394599 409068
4 387330 409037
4 402109 430185
4 393825 453067
4 412111 418466
4 397213 377839
4 361159 436327
4 383075 447616
4 383832 340506
4 402227 414685
4 411957 397796
4 377408 395123
4 417231 381303
4 442915 420573
4 415394 396940
4 420792 430901
4 397791 444527
4 385804 393101
4 384572 388523
4 402069 434868
4 414997 432597
4 392919 405103
4 396150 430329
4 439145 407748
4 401240 354085
4 424228 442208
4 336023 416862
4 351352 362910
4 413549 408517
4 341775 425156
4 424811 413300
4 402677 412615
4 419118 421655
4 354601 358760
4 410682 349328
4 399020 404042
4 392258 405478
4 353941 399967
4 411471 446824
4 397158 370362
4 431117 394746
4 395246 392783
4 400468 405703
4 354094 424230
4 352429 359750
4 358830 431609
4 387039 365758
4 395013 387179
4 400545 404212
4 435067 403802
4 394436 450912
4 376444 371957
4 433463 410297
4 426625 475977
4 424241 452915
4 396520 405610
4 347638 429109
4 374797 407601
4 451670 388347
4 373684 418326
4 412615 403902
4 392428 402295
4 389868 410718
4 383022 409854
4 468350 395883
4 373339 398565
4 383878 376230
4 434815 388041
4 368864 411216
4 321050 422497
4 383197 409869
4 381340 409680
4 415521 368125
4 404288 349685
4 367922 415238
4 422056 382193
4 407334 445969
4 373917 427628
4 422261 374345
4 392728 411341
4 336585 420977
4 401730 354294
4 401854 402867
4 401330 395538
4 393903 387227
4 399188 402459
4 389510 370897
4 399858 403574
4 343651 438750
4 388743 388465
4 398246 406245
4 400727 396769
4 399077 403968
4 402071 427626
4 405902 394724
4 383992 398245
4 372230 412488
4 418086 394699
4 400305 466024
4 380458 329635
4 338347 337961
4 411171 426853
4 392447 408539
4 375233 399429
4 385338 440797
4 397764 406712
4 414290 393146
4 394846 407130
4 402252 414628
4 332913 385678
4 396517 394572
4 388479 343648
4 405569 411933
4 444816 409502
4 393659 439272
4 415222 434798
4 396621 381952
4 416893 347737
4 398980 407667
4 404273 429948
4 397851 400846
4 447192 359893
4 350428 392503
4 451853 420873
4 402566 415798
4 362753 369848
4 407188 396576
4 380139 434251
4 409167 449719
4 405470 392374
4 359036 365793
4 398617 402424
4 408714 391412
4 382222 441817
4 403751 385539
4 400548 402390
4 393828 404314
4 373943 376926
4 390182 360941
4 391776 409868
4 342501 336320
4 401923 417123
4 342400 426090
4 405325 407466
4 369480 377148
4 416110 374296
4 401162 412142
4 442931 430123
4 478361 409520
4 401313 405195
4 357466 354094
4 417617 414816
4 417281 410881
4 470047 410943
4 378824 430343
4 369227 397853
4 397918 462032
4 397331 407010
4 427810 400178
4 401708 409924
4 426172 363147
4 401411 414503
4 409823 412908
4 386068 422517
4 398255 405428
4 346358 384801
4 397735 448097
4 348847 425164
4 394761 461494
4 357253 388075
4 402267 410395
4 415233 441297
4 404445 402466
4 408224 399767
4 369044 371649
4 343119 382074
4 416750 435776
4 387103 401925
4 368200 364844
4 393758 439738
4 418623 404382
4 402660 406054
4 427749 457110
4 405356 391545
4 432184 395118
4 322936 368566
4 402710 424367
4 456025 389630
4 395450 407822
4 377941 403683
4 407576 434017
4 348263 386451
4 391966 387214
4 392576 406460
4 380236 460907
4 398153 407081
4 399942 385908
4 398795 472619
4 467535 416014
4 377758 413906
4 398724 404179
4 396710 378698
4 377588 402670
4 408992 462226
4 423371 373970
4 412861 434751
4 403160 392159
4 395168 404189
4 399346 423786
4 409244 460295
4 429515 393708
4 370602 353215
4 356739 417826
4 408147 436628
4 436362 379677
4 399291 386712
4 396081 396707
4 419200 403389
4 383855 390984
4 370252 347498
4 460198 402706
4 418046 358461
4 408500 393942
4 397618 404912
4 392660 395873
4 406739 400918
4 439048 403700
4 392424 375266
4 379128 418858
4 391970 419802
4 389279 424006
4 468907 448885
4 410601 410653
4 396556 406492
4 417795 405673
4 375971 427549
4 414374 439977
4 368363 409733
4 402081 407514
4 399753 404222
4 424840 479570
4 381863 416651
4 394606 401451
4 389520 406500
4 418140 415328
4 387461 394402
4 391384 413273
4 391439 399819
4 365223 422531
4 407189 437102
4 415933 422485
4 402031 426039
4 428513 456990
4 382396 405483
4 368166 429422
4 418636 440000
4 411674 402377
4 424365 371987
4 394159 411676
4 371548 414612
4 460628 434107
4 399717 403257
4 361875 448199
4 393424 399084
4 333682 401078
4 377870 377550
4 405117 364266
4 452398 378671
4 397889 398501
4 424089 352640
4 417494 392231
4 402851 395579
4 376493 366302
4 460684 371809
4 449571 387141
4 405322 414743
4 420489 448078
4 377975 461076
4 492551 434649
4 477323 384551
4 359740 379592
4 429653 438596
4 361814 411086
4 400660 404811
4 410418 409414
4 392162 355397
4 376145 414107
4 371464 328177
4 379593 380662
4 448231 384406
4 404157 406324
4 420616 401526
4 398985 413427
4 400538 407020
4 391530 398743
4 408182 408351
4 435926 408504
4 411090 435389
4 398311 383357
4 409291 431539
4 399460 399410
4 400473 408327
4 399693 395271
4 431437 436764
4 312123 419763
4 411053 432808
4 401616 404245
4 364455 436191
4 407833 402474
4 367864 442851
4 437870 375761
4 308726 371721
4 418996 389541
4 371498 393120
4 407429 399155
4 380749 403860
4 399997 411205
4 377215 418429
4 380202 396671
4 436034 385951
4 395210 357805
4 415136 446807
4 315013 318367
4 372424 413163
4 340966 420480
4 354767 417464
4 387165 404027
5 340693 569371
5 315965 587160
5 405652 622938
5 359831 554975
5 349296 557688
5 289423 559134
5 408689 562521
5 321312 574721
5 286568 547471
5 370259 585265
5 339967 562602
5 410917 614521
5 283570 563726
5 347197 591316
5 342064 570045
5 317331 556086
5 335792 541310
5 330455 568758
5 366794 582584
5 378697 591764
5 339981 565418
5 338342 566864
5 338474 563350
5 432052 613723
5 340064 550509
5 334354 578047
5 296775 572432
5 353335 592567
5 334016 562797
5 328438 532686
5 365927 571713
5 343247 564376
5 325057 581121
5 330881 579058
5 378648 579579
5 339115 566863
5 333299 597586
5 367048 553451
5 345840 561591
5 366934 581294
5 358793 547046
5 393570 579641
5 304399 545221
5 353979 578923
5 337002 589527
5 327738 559624
5 334549 579199
5 297110 556485
5 327403 548875
5 413894 564459
5 326043 553772
5 337811 558454
5 333901 532836
5 340545 568654
5 358483 554925
5 318065 581616
5 367751 578289
5 331667 570387
5 321519 561045
5 299578 572052
5 339632 536577
5 339993 544064
5 268672 508874
5 332960 569308
5 345042 566973
5 352220 602793
5 333934 537464
5 312386 555195
5 334182 558498
5 335328 562880
5 303637 570253
5 353145 580916
5 325118 556212
5 294310 563522
5 371563 547746
5 373894 555347
5 407040 577739
5 337298 565486
5 357813 572855
5 304157 566007
5 335918 566525
5 330127 570072
5 339212 538693
5 357275 551101
5 334785 565575
5 326152 563230
5 345903 561314
5 238748 551038
5 331175 551842
5 352520 566829
5 341675 560197
5 354746 552404
5 412500 594675
5 277027 536847
5 322209 547247
5 375619 553791
5 288068 561932
5 344770 570309
5 284031 566654
5 324442 567881
5 356246 549756
5 404420 577532
5 336829 562228
5 293591 522132
5 342963 582232
5 338860 561151
5 324055 590810
5 328331 541094
5 357737 597104
5 392534 593343
5 298665 568245
5 343376 575709
5 338863 563107
5 361370 552483
5 338935 567577
5 350117 535859
5 371000 555062
5 368617 554066
5 331795 529654
5 344237 573700
5 280110 522025
5 328657 564864
5 452457 597461
5 333669 542228
5 320628 564596
5 316642 553340
5 340712 563178
5 349955 535578
5 261538 525920
5 411008 607342
5 317136 563479
5 297022 574097
5 319927 524637
5 359772 568428
5 344791 578536
5 324093 580491
5 373907 558472
5 321905 573147
5 341721 576427
5 386373 606623
5 338588 543875
5 341578 558672
5 371616 570648
5 331987 568997
5 341329 565571
5 334350 556417
5 330482 571217
5 338950 572545
5 289087 565427
5 343997 585193
5 365567 547606
5 320827 519618
5 286990 529505
5 321517 569562
5 388806 569524
5 411796 581307
5 331440 551885
5 325958 573367
5 348171 569251
5 344239 530765
5 419151 577335
5 321309 569996
5 386377 574187
5 342099 561508
5 366688 562413
5 321657 538660
5 403004 613466
5 363304 553764
5 384922 582877
5 304556 568584
5 336787 538925
5 327998 571265
5 303269 531608
5 313649 523765
5 337889 558031
5 360165 553303
5 340032 561740
5 338634 564414
5 351459 565704
5 412767 593558
5 283474 532727
5 336928 557412
5 366478 594677
5 343450 570659
5 331616 565089
5 354529 573677
5 276703 559740
5 282066 560178
5 331366 567311
5 321910 573825
5 290107 571927
5 281979 518199
5 374695 563163
5 340191 567638
5 338583 563529
5 358312 559466
5 338474 564151
5 338205 566246
5 342901 582886
5 265815 540385
5 304086 576100
5 347966 563506
5 346144 560472
5 352381 592377
5 318681 528806
5 369366 561201
5 310041 533285
5 344314 595915
5 363956 609339
5 328586 551385
5 330767 552963
5 312558 520650
5 315850 573154
5 379388 567285
5 329905 579935
5 352209 548608
5 357679 548036
5 339288 588052
5 330335 568221
5 341559 562163
5 341925 569393
5 327695 543105
5 335999 549795
5 302359 534317
5 332586 566187
5 330750 561657
5 400380 588221
5 337910 562252
5 336549 565597
5 343717 559909
5 332116 594868
5 358384 556361
5 415881 584352
5 345164 579614
5 316395 537403
5 340970 564831
5 340383 600071
5 326627 534442
5 356865 545785
5 306298 551902
5 347575 565576
5 302583 571881
5 352424 557574
5 279008 521035
5 335029 553213
5 338753 563384
5 324032 577807
5 327973 534972
5 321924 527106
5 345495 579864
5 385091 599401
5 361138 551307
5 332884 533990
5 269126 508814
5 350056 566657
5 374117 546122
5 350283 559840
5 335525 567445
5 350798 535657
5 289002 520678
5 324516 522674
5 364844 571623
5 351815 574947
5 275524 559548
5 348773 583528
5 308966 523409
5 316313 570785
5 341966 561987
5 341446 538787
5 318823 565345
5 347522 587567
5 293746 544468
5 334983 572690
5 325125 564342
5 330145 546705
5 336336 563145
5 302353 545544
5 321216 569834
5 285152 520229
5 335027 565050
5 332270 556288
5 341016 545280
5 339640 561426
5 338633 563504
5 324952 565867
5 353583 554147
5 385183 556284
5 292636 520371
5 289176 571435
5 310944 559497
5 336974 563207
5 337173 557853
5 396903 591235
5 324440 567074
5 333378 557892
5 300366 565761
5 344437 529492
5 325871 558965
5 367641 556309
5 344552 554676
5 297212 546223
5 355924 577596
5 331340 524203
5 292932 558293
5 306346 523584
5 341966 586266
5 282430 560217
5 326251 549298
5 335201 585318
5 351564 573155
5 322365 530808
5 405542 600089
5 296763 528676
5 338084 560295
5 345674 579033
5 325883 560492
5 345123 577788
5 329859 564384
5 353939 570931
5 409616 575024
5 365058 545456
5 404782 557913
5 368724 598412
5 344096 575522
5 260096 530550
5 257984 555707
5 259173 548593
5 241485 523039
5 262846 559590
6 378274 816341
6 406233 813072
6 401478 785370
6 448651 847994
6 434440 822866
6 369199 734895
6 413241 771595
6 369418 733394
6 378563 789670
6 424190 780052
6 415993 776671
6 421352 799127
6 432656 783776
6 383032 788008
6 414377 771258
6 425260 773661
6 469139 810971
6 442979 803024
6 347079 803582
6 412797 803180
6 352874 807952
6 442286 755194
6 416433 786159
6 419700 793447
6 422961 821595
6 400008 789447
6 429586 775621
6 457561 788245
6 415417 785827
6 389552 750700
6 415598 786499
6 443447 783977
6 404792 749210
6 389392 730768
6 473485 847098
6 491614 778997
6 437483 785130
6 452570 848127
6 417197 778243
6 405986 787439
6 437568 794323
6 420319 794333
6 418963 746595
6 469422 822619
6 397688 762902
6 418149 790096
6 407289 798870
6 360319 778673
6 473799 795167
6 445199 763833
6 446537 828924
6 410019 732704
6 396540 815936
6 407694 718592
6 417091 792545
6 442260 754050
6 411526 784658
6 407814 765816
6 394022 803914
6 481133 781413
6 396118 794614
6 458538 786673
6 419721 789724
6 424476 781552
6 377720 727349
6 448336 789445
6 412227 787450
6 408745 824896
6 417016 774869
6 395274 786698
6 412541 806622
6 412109 735920
6 407023 787385
6 376660 815936
6 396548 784388
6 508535 830710
6 414014 816460
6 440782 782395
6 436951 814456
6 393758 750953
6 418410 795929
6 425991 787029
6 414562 787355
6 408712 803987
6 377858 811790
6 417169 792321
6 460371 780609
6 388873 746909
6 395641 808571
6 386436 791388
6 440667 768761
6 438437 730300
6 370839 727884
6 422917 781112
6 391555 789079
6 402666 814060
6 474368 812039
6 406176 760860
6 463768 793154
6 446307 796523
6 402309 786873
6 413946 786971
6 425053 790566
6 416926 785113
6 424023 737453
6 417447 782955
6 415672 787824
6 416019 787562
6 417515 787648
6 459230 803720
6 447833 819282
6 418199 851439
6 417393 771537
6 441415 780207
6 399634 751940
6 373360 784232
6 419227 779215
6 434717 808225
6 397669 792218
6 412028 773494
6 407504 803363
6 365147 790525
6 459328 805961
6 429472 860855
6 480128 785580
6 344915 702496
6 410969 770451
6 407460 791404
6 420476 750495
6 397747 792207
6 408428 771823
6 397806 749559
6 426040 825049
6 407565 766203
6 414317 828815
6 410610 765111
6 412388 784064
6 406337 750353
6 422419 754048
6 416039 730594
6 414512 793966
6 398478 822297
6 424375 721868
6 403890 792420
6 400902 772920
6 402367 782997
6 472917 830363
6 418621 840463
6 329002 727685
6 418618 811618
6 425356 745471
6 470922 770669
6 400598 790903
6 412851 774986
6 492415 829655
6 400079 749617
6 417673 785965
6 424720 768456
6 386415 801444
6 426689 788562
6 430747 776261
6 405714 781619
6 429220 787348
6 427850 762201
6 434080 785264
6 473514 788780
6 412386 777312
6 430686 844506
6 409142 811927
6 422198 724557
6 392185 713763
6 412677 786951
6 399149 784376
6 382693 749680
6 527515 831478
6 448519 805219
6 430779 770145
6 413556 758080
6 392140 769924
6 416855 794023
6 389713 772742
6 398498 776720
6 473727 807244
6 389410 788256
6 377230 790154
6 415564 784464
6 456799 844976
6 444336 820061
6 404359 783919
6 453154 776082
6 425019 759577
6 415895 775793
6 420083 787815
6 506612 858859
6 436648 859634
6 403522 785432
6 401407 759648
6 403852 792473
6 367398 701756
6 412453 784453
6 382124 786262
6 416884 786845
6 448865 836781
6 383821 808301
6 414249 796590
6 457338 789952
6 396276 785999
6 390282 789593
6 409417 758123
6 397561 815245
6 397137 742547
6 402891 801910
6 385257 791581
6 409628 833942
6 369249 797068
6 460942 779073
6 423146 737571
6 420509 788730
6 422736 790806
6 401492 790336
6 394018 799506
6 385140 796221
6 430243 781020
6 416775 806826
6 425796 795608
6 411488 837715
6 433989 765343
6 415806 783594
6 417023 771194
6 415270 775605
6 391163 811977
6 405350 762342
6 414860 773921
6 371779 814715
6 415631 805010
6 387951 813315
6 472691 802678
6 471930 844046
6 432892 815223
6 366654 802105
6 411721 717873
6 426115 814461
6 375997 806621
6 385561 718324
6 375573 809249
6 437958 784801
6 363857 784086
6 430138 818594
6 435085 791564
6 414036 742189
6 425611 793420
6 439793 740773
6 467107 817914
6 387631 749416
6 430001 765803
6 384225 784381
6 417146 822655
6 427371 819417
6 399587 792459
6 474648 778810
6 345692 788190
6 409515 756149
6 469782 780552
6 468229 827985
6 414951 852935
6 409701 750741
6 442826 795974
6 459556 818479
6 423311 813081
6 476144 772131
6 391976 789416
6 448649 813885
6 496658 816784
6 410336 767856
6 430167 811490
6 357467 797530
6 404220 785798
6 446368 763341
6 439514 758221
6 424145 743433
6 470062 771204
6 421187 779726
6 396617 801039
6 394708 739061
6 394912 755947
6 425950 788228
6 408283 806161
6 419520 778231
6 441950 785934
6 409814 836083
6 395817 788858
6 422776 808328
6 363959 810632
6 422943 804253
6 407626 771304
6 347933 797148
6 457554 795861
6 394274 837428
6 445674 768552
6 416359 786189
6 419485 804779
6 376176 795539
6 349378 805118
6 456566 743012
6 484407 809641
6 403329 717870
6 392795 817694
6 372621 772258
6 461751 817277
6 489182 773934
6 427388 815258
6 418155 819422
6 437035 755506
6 416444 783624
7 425563 163524
7 433100 134861
7 446538 180119
7 509279 180548
7 495165 163113
7 474652 193224
7 507786 199578
7 566666 195255
7 506012 178372
7 541435 206637
7 507311 177795
7 461701 188438
7 506069 169723
7 477155 161019
7 505044 180646
7 467697 168082
7 511868 170991
7 500225 177559
7 460616 174810
7 573755 218049
7 543616 144788
7 509804 175714
7 542311 161882
7 475944 189337
7 517750 199025
7 520952 169184
7 559076 190770
7 549384 208450
7 549147 171454
7 520880 200955
7 484348 202813
7 487472 166999
7 504728 174541
7 465734 114090
7 570266 188032
7 505584 176135
7 514739 189624
7 500589 181466
7 504096 192493
7 553118 165472
7 502511 205121
7 551798 221411
7 502737 174437
7 513181 177419
7 513010 141058
7 535564 177248
7 514551 176526
7 450030 169537
7 521152 152439
7 505512 203857
7 509928 184873
7 490271 216725
7 529931 180136
7 508228 220433
7 534461 178056
7 508551 174306
7 545365 210090
7 510414 142485
7 507895 177445
7 506288 177990
7 512560 224816
7 454160 102568
7 437116 148591
7 519003 160741
7 509173 178051
7 507674 147431
7 513562 229098
7 473361 185066
7 517580 170329
7 509285 174620
7 510496 174308
7 438860 114065
7 534702 244239
7 504755 150226
7 474135 199330
7 508907 173787
7 509651 149290
7 490956 124550
7 499637 194036
7 515856 148316
7 482568 159010
7 522728 184704
7 493070 189771
7 483807 198925
7 469656 153741
7 470041 102049
7 576965 187481
7 515230 149567
7 469470 189347
7 484678 123623
7 509554 186931
7 480787 147737
7 523036 123677
7 508144 167733
7 515450 173220
7 489378 172861
7 497406 125809
7 514173 139330
7 520809 176718
7 499009 205823
7 509773 148899
7 505117 141877
7 494698 176711
7 501334 163002
7 502500 176532
7 546565 151576
7 520878 209094
7 486891 175164
7 512241 169240
7 569692 182365
7 491382 122267
7 457033 127590
7 535453 200970
7 436641 55171
7 520845 176291
7 496130 178113
7 507473 227670
7 507092 175151
7 493714 173387
7 528826 154067
7 509951 176794
7 505400 160422
7 473316 162622
7 489504 146224
7 516888 152451
7 505128 175022
7 520819 181586
7 506812 167031
7 495032 203929
7 508789 174256
7 502302 210265
7 511106 122518
7 486997 164803
7 535787 199735
7 540364 163758
7 496006 191010
7 497454 172375
7 488330 173837
7 547076 156969
7 509956 141698
7 516084 178725
7 535034 172649
7 529858 213114
7 496384 166644
7 519201 139101
7 575022 213534
7 469404 181944
7 464672 193513
7 491609 180519
7 470314 178936
7 481067 172555
7 508797 176269
7 491145 206344
7 485361 169229
7 474527 107596
7 499643 171625
7 514722 190943
7 474641 81263
7 495995 160032
7 516963 174184
7 521006 163218
7 434581 123267
7 514876 182995
7 501416 172980
7 513991 165072
7 512900 219252
7 510739 121103
7 509522 174376
7 507862 172954
7 512716 181316
7 483423 111797
7 505603 147517
7 482628 171320
7 541790 172616
7 473649 178184
7 520763 250478
7 494000 189403
7 533931 173291
7 485110 150541
7 528679 199079
7 545699 174099
7 517495 186329
7 520461 173217
7 456821 105575
7 495388 156422
7 514934 219169
7 508989 168995
7 500474 169746
7 504511 149234
7 467144 147308
7 512733 174091
7 452791 156805
7 488800 197919
7 593887 210595
7 561725 168220
7 528011 201615
7 514428 222503
7 512051 145220
7 472054 129986
7 507959 166780
7 518068 137556
7 561110 219865
7 563315 215613
7 523779 163905
7 490037 164357
7 519421 154681
7 504373 165819
7 513957 139202
7 486422 178919
7 533351 147778
7 511030 221292
7 496069 102201
7 496491 171534
7 497254 171940
7 518892 165875
7 481083 151953
7 507741 178883
7 486224 196184
7 509039 173839
7 462658 75167
7 519680 208378
7 499676 196897
7 480876 160465
7 521032 177084
7 486034 196122
7 505225 158750
7 485968 123023
7 478442 125560
7 502355 164119
7 502915 183059
7 497211 174121
7 537174 194410
7 505293 194591
7 491442 116195
7 473202 140745
7 505079 219082
7 541455 223176
7 528938 174372
7 528094 178343
7 520759 184923
7 538994 179328
7 507832 181513
7 493897 189627
7 514408 173338
7 514391 156592
7 513362 223841
7 443618 157237
7 477746 163845
7 480571 204150
7 486326 174643
7 505384 174535
7 541220 177840
7 522869 176818
7 497255 188783
7 545240 221008
7 512291 169608
7 576158 210283
7 508099 175066
7 545455 182232
7 537836 177165
7 508597 173640
7 507445 193647
7 524397 239456
7 527753 213985
7 528766 239937
7 481356 162127
7 541498 192746
7 506142 170513
7 494574 198972
7 477901 173288
7 509223 177592
7 532010 176195
7 541006 175198
7 490355 153464
7 566524 179796
7 550216 184337
7 516085 195504
7 523796 219588
7 511118 175212
7 445043 152257
7 497582 190801
7 514622 206979
7 479631 178459
7 496476 140337
7 498389 178069
7 506361 225237
7 519396 177174
7 529409 157228
7 501111 157402
7 514219 167014
7 558307 203307
7 545957 196749
7 508080 175697
7 589900 217899
7 509383 167302
7 474516 189144
7 498730 183037
7 473093 188791
7 471328 176297
7 510901 175806
7 559809 162597
7 499272 168413
7 514981 172608
7 511289 183247
7 455460 153040
7 519962 175210
7 532549 172894
7 516128 178722
7 519113 194925
7 502877 192740
7 520782 134308
7 574369 207483
7 515494 188459
7 486870 146947
7 484395 107291
7 504243 237336
7 483776 213021
7 536623 213083
7 544539 180391
7 502002 166223
7 500801 185558
7 525670 184762
7 481841 209337
7 494317 170837
7 521153 242968
7 473933 191767
7 524502 248106
7 487952 168607
7 460133 173081
7 453261 148432
7 491792 214464
7 497815 165151
7 515348 184750
7 598908 254032
7 558478 213316
7 538228 168834
7 464634 173867
7 518675 175686
7 533566 214619
7 540196 180312
7 500360 213540
7 517882 175467
7 549642 157506
7 511368 173673
7 506815 173387
7 500192 192292
7 533775 163036
7 511484 160453
7 489062 200329
7 537514 179689
7 551867 170425
8 657985 453405
8 607463 477085
8 563460 480559
8 669118 354195
8 613682 399434
8 617399 392653
8 629247 364078
8 641070 424917
8 609532 388425
8 629369 398359
8 605911 379990
8 622550 391601
8 607905 403460
8 679465 399014
8 608711 373665
8 623498 399288
8 601212 370698
8 574989 407228
8 563517 391159
8 687717 379483
8 616040 330855
8 653024 367312
8 607440 403119
8 620240 397022
8 599215 391457
8 587478 424878
8 613921 394043
8 624328 392133
8 635887 384511
8 559877 401053
8 617755 401065
8 693265 388552
8 559933 403956
8 655859 416496
8 625919 402984
8 595215 391491
8 617493 379303
8 598657 442558
8 601644 436831
8 617118 374098
8 591051 389443
8 617296 386864
8 616468 394118
8 630384 376295
8 558770 390646
8 637332 414017
8 556780 409205
8 577473 384210
8 650054 432740
8 595063 328609
8 714443 433876
8 603566 410391
8 562356 383175
8 546166 423311
8 626539 394908
8 663820 416308
8 710910 464586
8 624310 398408
8 632546 389750
8 667249 417107
8 608309 377530
8 611357 393577
8 658219 436184
8 615032 402225
8 628131 406850
8 632390 363198
8 575116 345564
8 625784 441883
8 618893 419740
8 579564 428498
8 686324 364237
8 586242 396484
8 623248 399928
8 609219 362804
8 537211 376777
8 605310 394011
8 634973 450542
8 595411 413706
8 613037 419086
8 617444 397675
8 633304 366062
8 592620 446156
8 631633 337973
8 619637 395224
8 620330 398630
8 621964 409409
8 618446 372298
8 629789 426313
8 608687 374928
8 680646 375662
8 591831 438997
8 550086 442382
8 620330 396776
8 551236 401856
8 617178 414525
8 584938 344365
8 622636 456843
8 649987 408293
8 613719 382828
8 576987 392508
8 599766 409755
8 584077 398498
8 561388 355834
8 691600 397893
8 610676 449688
8 600114 413216
8 626811 372435
8 636291 360636
8 570384 393553
8 626700 401688
8 624106 398619
8 523329 404632
8 611954 360938
8 613536 395801
8 576488 397913
8 652745 406585
8 603193 371867
8 610026 444858
8 629725 405117
8 648429 422590
8 562772 382904
8 638823 411764
8 617764 397102
8 579922 379009
8 610698 396326
8 642607 374702
8 621629 397208
8 659321 404555
8 576235 462612
8 598628 425191
8 623502 420376
8 665965 449273
8 608923 385575
8 611579 407670
8 617573 386848
8 589862 418742
8 653325 396810
8 605073 372055
8 623137 408209
8 619339 401624
8 619295 397643
8 578878 420108
8 533577 355107
8 615934 426539
8 690195 475150
8 673514 390760
8 657120 386782
8 549945 372313
8 675858 410545
8 626586 415166
8 618449 404599
8 638783 399478
8 578113 395458
8 622557 361134
8 635324 420555
8 666135 430421
8 689725 465685
8 593601 445149
8 615094 383077
8 624599 417673
8 573969 434110
8 642881 403147
8 634383 422065
8 582389 428200
8 617330 369828
8 621989 394856
8 651828 468138
8 612936 398723
8 613351 407952
8 562777 437516
8 533212 366954
8 618113 400002
8 609344 448128
8 615342 413931
8 623989 368662
8 620187 400168
8 687638 439257
8 573925 449341
8 547270 403384
8 619318 361696
8 588432 446279
8 592924 393730
8 615325 383841
8 611875 422910
8 681941 370225
8 620818 396967
8 662154 385013
8 554938 347875
8 628655 321099
8 619628 399433
8 660333 393215
8 618391 348381
8 565829 395454
8 617689 397001
8 604554 393193
8 572417 403906
8 659193 384523
8 632060 367800
8 633894 404424
8 620610 395343
8 615175 397627
8 624293 333944
8 593689 316888
8 617319 374666
8 572244 349463
8 619239 400025
8 621622 390298
8 622101 371771
8 630205 338054
8 654147 407182
8 637594 420311
8 629004 392271
8 585207 336451
8 618349 397614
8 650157 402991
8 638966 486628
8 655201 411873
8 602335 433298
8 630706 388370
8 617428 397343
8 621537 390372
8 631365 450732
8 618406 404239
8 601390 453925
8 603945 361794
8 619427 396945
8 660103 414557
8 608182 416637
8 661166 404325
8 620939 385731
8 626371 349696
8 614683 367259
8 619332 401992
8 587453 401098
8 652349 321291
8 617954 395504
8 636807 424537
8 533889 333741
8 623386 387031
8 632952 385722
8 695010 449565
8 626843 367696
8 611547 411952
8 621241 368090
8 581240 362971
8 608747 363132
8 662177 420431
8 615665 405490
8 617447 366176
8 560393 389490
8 685785 409913
8 623433 400160
8 609091 437020
8 624343 403629
8 668879 388617
8 567105 437623
8 657450 365008
8 591955 378142
8 588952 437524
8 607665 447516
8 608601 418450
8 662830 420955
8 605891 428146
8 615239 317684
8 588933 366439
8 618053 357534
8 577773 434308
8 606558 458285
8 620955 389692
8 634661 446187
8 571692 449353
8 605650 447537
8 639502 371440
8 684568 380640
8 658735 399039
8 618157 384990
8 618869 398187
8 603388 403039
8 585255 415823
8 639507 438534
8 594112 399331
8 619475 400592
8 571570 375257
8 659297 373975
8 603285 449307
8 610199 394579
8 590500 418472
8 630904 404643
8 591725 406549
8 621560 397789
8 563182 367521
8 593879 444161
8 616054 371666
8 627679 395601
8 608195 447380
8 616737 397973
8 650120 324477
8 616926 398697
8 650859 460072
8 642157 345545
8 601369 411415
8 604703 392288
8 619415 397644
8 571043 347389
8 659191 459637
8 629978 400626
8 688487 383589
8 598053 438963
8 635242 356290
8 605899 412428
8 656642 407213
8 619924 406713
8 630067 372798
8 600007 377908
8 589164 386733
8 630491 379017
8 618676 377015
8 639613 388524
8 669409 415893
8 681608 436537
8 649968 371445
8 629000 417990
8 658884 390135
8 605407 427914
8 629891 414975
8 621778 364695
8 610722 418243
8 601599 388540
8 615649 429323
8 627206 402647
8 643965 366316
8 614877 402442
8 606486 420054
8 668482 358452
8 628715 434772
8 508805 429073
9 664159 550946
9 665845 557965
9 597173 575538
9 618600 551446
9 635690 608046
9 588100 557588
9 582015 546191
9 604678 574577
9 572029 518313
9 604737 574591
9 577728 587566
9 602013 574722
9 627968 574625
9 607269 536961
9 603145 574795
9 671919 571761
9 612184 570393
9 600032 575310
9 627912 593892
9 601967 604428
9 591851 569051
9 601444 572693
9 629718 558104
9 661430 603567
9 597551 556737
9 601182 582584
9 562704 570596
9 605107 563429
9 607214 575069
9 568824 570203
9 612485 518009
9 589244 573777
9 625579 551084
9 560237 500154
9 626224 569687
9 610666 551701
9 597428 569940
9 600582 599535
9 604168 555003
9 613871 550423
9 617310 551945
9 625728 579460
9 606300 566708
9 638559 558807
9 582176 630383
9 544056 577786
9 631297 578351
9 561574 621747
9 604973 574773
9 605284 556134
9 617910 592293
9 555904 640401
9 526559 509417
9 603849 572396
9 598634 619900
9 603359 589262
9 657455 567754
9 614279 599251
9 578496 631434
9 645171 595209
9 688015 533535
9 656477 573007
9 540029 563888
9 597418 538362
9 613545 574733
9 628696 542447
9 604157 574191
9 603126 497987
9 605850 533310
9 596179 529556
9 610330 552628
9 598184 531473
9 620438 511694
9 600202 622079
9 603021 577991
9 515612 540643
9 606548 574376
9 593490 623110
9 607084 595500
9 583728 563146
9 616044 533807
9 624452 584622
9 604438 574666
9 625709 660145
9 601376 579831
9 565148 557305
9 639418 537903
9 612799 537497
9 583653 652182
9 599808 596484
9 605250 573272
9 606738 601356
9 611044 571814
9 575440 568511
9 616329 529516
9 605927 572533
9 609286 586782
9 647354 579190
9 606929 571420
9 562920 559223
9 680357 620811
9 707100 601463
9 604294 574368
9 614917 600946
9 611508 503220
9 603789 574474
9 551740 588768
9 546031 570429
9 569197 559307
9 688712 568754
9 604067 574091
9 606809 572101
9 588597 622592
9 613840 534167
9 576263 547239
9 597077 568196
9 601339 571609
9 606011 569426
9 593398 559764
9 593166 622725
9 609796 532982
9 712648 607541
9 585048 505097
9 525967 565687
9 660327 585901
9 607604 573951
9 604001 573587
9 591484 571087
9 613868 585089
9 645464 660478
9 538571 654649
9 555429 604551
9 597620 586226
9 586097 567445
9 545235 539822
9 649088 575733
9 599123 616977
9 563763 559454
9 617717 613939
9 618869 577243
9 567188 560044
9 636628 533309
9 560362 567914
9 595014 632844
9 605876 550640
9 604352 573425
9 600679 599545
9 596891 579476
9 614943 540976
9 604415 571400
9 603698 573585
9 658199 568743
9 598759 582942
9 671269 590258
9 593317 534085
9 608557 590278
9 623004 508050
9 601900 569391
9 641031 593074
9 589658 640498
9 567565 573952
9 559078 570088
9 639431 588155
9 566609 537592
9 568570 579335
9 660650 615038
9 667639 571164
9 596796 529933
9 606111 617846
9 616060 590779
9 602873 527864
9 571334 594145
9 602167 543919
9 605100 573307
9 546640 560043
9 585195 555011
9 651740 589474
9 589112 536573
9 582057 543124
9 690968 555952
9 609030 552436
9 632125 541413
9 603445 630598
9 628264 616214
9 577242 574073
9 604090 574392
9 607911 576556
9 600665 638890
9 600117 539079
9 631182 565466
9 695646 652231
9 619445 567491
9 613191 571942
9 567428 580005
9 590583 623314
9 606289 670243
9 585175 574133
9 634967 579020
9 614615 574437
9 593061 579188
9 606933 576409
9 606587 573873
9 594084 629464
9 683697 581516
9 601530 577183
9 603055 589818
9 616561 619007
9 611581 572630
9 579712 568354
9 602887 595245
9 600039 557139
9 605913 579526
9 579773 568698
9 606324 544357
9 605958 573728
9 606144 575076
9 667472 570571
9 580048 565009
9 597802 576113
9 610263 574422
9 603855 575180
9 624369 532153
9 599870 591110
9 577167 617095
9 658403 611332
9 610980 522819
9 569422 567790
9 627727 578737
9 592804 584539
9 540783 626497
9 591823 639096
9 637323 549567
9 638078 629421
9 611315 560757
9 647103 573853
9 522993 595581
9 601187 531825
9 533799 564377
9 649034 528813
9 620975 564344
9 622407 583192
9 597026 642918
9 551291 576721
9 608768 610525
9 697959 614701
9 658281 582264
9 546632 599204
9 672565 564468
9 636500 587401
9 696144 548705
9 533551 582247
9 526802 551524
9 553038 606418
9 696601 603624
9 588964 597435
9 716139 621721
9 608529 586311
9 557378 567033
9 589994 610890
9 589344 563119
9 624415 515911
9 565483 551512
9 584895 574666
9 582777 542670
9 639394 576728
9 608298 573748
9 663578 586265
9 628080 562986
9 597421 554767
9 595193 576508
9 658103 572250
9 659529 498474
9 606415 581386
9 641976 577433
9 587466 564953
9 589180 595099
9 601885 573083
9 580561 528916
9 621726 578003
9 558817 576255
9 620213 574468
9 594010 570095
9 541976 512639
9 593840 578685
9 602667 575857
9 631446 561156
9 596481 567449
9 611318 581584
9 568546 564911
9 593865 572987
9 597017 575588
9 578804 573582
9 673750 594081
9 592714 553958
9 594029 586701
9 668502 563937
9 629533 537542
10 777811 751059
10 823974 725025
10 749723 781756
10 875160 698897
10 828194 742074
10 800913 749332
10 831165 783383
10 793019 764859
10 810467 706465
10 803540 754792
10 844662 654835
10 803962 731228
10 823065 733789
10 822156 732296
10 811389 723618
10 779936 774397
10 854769 713941
10 803457 735855
10 790712 745884
10 815652 733433
10 841289 701474
10 832054 751330
10 786032 701427
10 824835 704997
10 832886 781206
10 818063 797960
10 857620 709386
10 828589 652430
10 836727 737798
10 776000 780347
10 824098 714042
10 830583 710990
10 862189 735684
10 815131 704478
10 828478 655405
10 784838 771499
10 880362 706363
10 767482 727417
10 825070 734215
10 813781 738344
10 840863 737972
10 840943 739611
10 828276 762021
10 822883 728314
10 854886 769396
10 829623 732301
10 835428 731189
10 818338 800932
10 823417 701523
10 812152 689907
10 829969 699565
10 861563 661642
10 816955 747629
10 774526 757135
10 803577 712231
10 798056 714380
10 881789 727577
10 858867 700187
10 834996 728517
10 839121 736259
10 841045 738224
10 840100 728839
10 874544 686096
10 862334 747768
10 820253 714625
10 817862 732248
10 844729 682981
10 846484 719360
10 793669 724513
10 821906 732848
10 826465 646980
10 820350 748217
10 814540 707227
10 838223 766380
10 869471 745767
10 816054 733183
10 801177 737548
10 848783 748980
10 814105 723255
10 838036 749612
10 840270 725456
10 789601 714058
10 827169 708345
10 789448 738035
10 835030 668528
10 848151 741869
10 816091 747764
10 801511 761094
10 822670 689090
10 873672 734440
10 808153 737136
10 755829 751858
10 814697 729209
10 832758 707452
10 848264 762550
10 799903 784535
10 802674 727804
10 828147 808738
10 820707 705318
10 824594 741664
10 804474 747122
10 823108 733302
10 839514 728923
10 827711 732798
10 851644 721350
10 816390 711340
10 798007 723995
10 790612 738038
10 821909 728448
10 865754 723314
10 877711 703850
10 792990 685472
10 809917 762429
10 789388 712210
10 879221 655497
10 876935 684572
10 819439 735945
10 807929 730950
10 850451 764015
10 811748 766105
10 824765 761114
10 848586 789052
10 812231 739235
10 873532 712802
10 842590 716861
10 832798 734777
10 817640 730018
10 824322 744720
10 777697 798253
10 868493 677155
10 805658 698630
10 840349 790707
10 796953 726378
10 832589 782799
10 817441 709397
10 856029 730586
10 805089 762512
10 854628 773470
10 846090 651306
10 796943 674692
10 827192 785316
10 818209 719382
10 795200 786424
10 817777 724927
10 846512 683647
10 825080 746712
10 824674 806300
10 822616 735941
10 805391 732659
10 823250 732088
10 850376 739749
10 821337 733356
10 796786 724615
10 862425 741010
10 825690 703854
10 800872 672603
10 825395 715780
10 843911 730036
10 820238 732928
10 848570 703697
10 825515 738284
10 820367 732364
10 822025 749214
10 837718 761480
10 871723 685520
10 850904 720163
10 816775 739989
10 822103 732911
10 815455 755486
10 835648 756631
10 868626 737331
10 825997 730652
10 817252 730254
10 877906 722361
10 808440 729985
10 791470 751113
10 841654 764836
10 825429 732758
10 804706 788001
10 820194 734233
10 869991 705259
10 809779 663654
10 822078 711840
10 866139 717138
10 829379 718721
10 837582 763266
10 783999 732487
10 800231 732106
10 862569 719773
10 838764 652792
10 849343 713993
10 828297 715480
10 821259 750089
10 874643 729921
10 819058 729125
10 817018 729596
10 797804 715342
10 838515 768484
10 829398 724900
10 754841 796342
10 878690 739021
10 821908 732077
10 786495 759000
10 823987 687499
10 787988 741203
10 839339 726322
10 822425 727248
10 854412 725575
10 788351 737539
10 838587 700545
10 840425 762290
10 817395 734126
10 807913 737341
10 872285 750708
10 788166 702817
10 836225 709204
10 822293 786837
10 888892 702505
10 822623 745025
10 795124 696429
10 832238 725434
10 815593 689874
10 843572 784897
10 833716 758772
10 822474 780882
10 801102 759330
10 841752 731595
10 808779 732990
10 822533 758955
10 817807 715863
10 837977 728814
10 801204 755177
10 819628 810748
10 814732 734183
10 832086 716249
10 876503 659112
10 823856 749355
10 819737 737829
10 818756 743887
10 811971 664520
10 801526 705057
10 827031 734324
10 843891 721571
10 810460 735109
10 782368 759352
10 801172 715857
10 866928 716961
10 829673 730398
10 850888 736810
10 786935 732999
10 769656 721159
10 804925 735492
10 870054 738900
10 818932 728481
10 853692 746285
10 807072 687932
10 750459 800215
10 823959 737866
10 835804 710711
10 790206 747165
10 813092 739043
10 801810 728106
10 825404 733788
10 820947 730529
10 827081 694553
10 822664 720677
10 768565 762193
10 823113 733720
10 821079 800206
10 828531 731300
10 820757 738235
10 781260 737962
10 819438 662327
10 833504 744564
10 789552 731946
10 822843 763117
10 775555 719683
10 865084 713697
10 820455 729132
10 849547 738979
10 762269 792243
10 821464 700760
10 824013 753991
10 803369 698753
10 823589 728083
10 796353 710294
10 820083 728310
10 829133 735488
10 823455 747394
10 818542 740451
10 809623 734937
10 841762 777572
10 802184 751958
10 803874 675499
10 830065 739162
10 824140 729074
10 852730 769968
10 866760 753547
10 811031 703822
10 825414 734466
10 816615 770855
10 786227 765634
10 817269 733788
10 809453 736879
10 757421 774445
10 818251 731938
10 788020 765562
10 823618 734216
10 812295 728049
10 837545 696979
10 797918 694723
10 822224 742716
10 821895 732158
10 797233 713358
10 800258 733812
10 813319 737376
10 852037 649724
10 825596 639465
10 871981 649086
11 735295 814058
11 751215 828365
11 730887 825972
11 645233 927201
11 645563 819480
11 573324 878802
11 693699 822637
11 649412 856993
11 684558 878573
11 656658 854609
11 651506 856097
11 618405 842859
11 667280 765619
11 600996 890782
11 674463 862486
11 676694 851597
11 620685 880813
11 716590 874975
11 721401 951880
11 657094 857640
11 644693 867371
11 633601 861482
11 673646 857346
11 657184 855509
11 708244 871834
11 659081 860560
11 657811 885904
11 642843 909185
11 709303 897538
11 610505 851476
11 612648 772280
11 673196 812941
11 673267 883727
11 694451 863981
11 678869 902492
11 690018 819280
11 677983 890077
11 639997 865965
11 709254 847444
11 679799 858680
11 664355 831472
11 659166 861665
11 692386 863386
11 688076 833905
11 680506 840053
11 641840 886745
11 673292 857105
11 622212 860015
11 736557 897961
11 668234 886696
11 675013 876331
11 675902 853961
11 695092 820091
11 730287 897070
11 691716 873426
11 722404 952207
11 678606 878004
11 664156 846474
11 688118 911574
11 674492 861230
11 675382 836312
11 664639 925795
11 626334 852383
11 669690 842110
11 653177 819935
11 674265 861435
11 677404 883871
11 672212 860894
11 715956 900724
11 674236 877152
11 679818 860064
11 578509 923881
11 680381 823757
11 720629 816515
11 640210 902029
11 671772 860357
11 618009 867493
11 672628 882986
11 680261 863401
11 682100 853708
11 681049 846975
11 668567 856554
11 656957 871011
11 662293 872590
11 673953 835926
11 718544 888401
11 648590 917839
11 699124 824089
11 668367 855686
11 675866 868784
11 700098 894685
11 683156 877209
11 661357 801817
11 789095 895634
11 673332 857517
11 627452 835854
11 672059 860501
11 665048 854911
11 683580 872374
11 668839 882598
11 682510 905902
11 671235 856653
11 680228 843225
11 662249 918050
11 674961 865594
11 679211 886670
11 676220 858214
11 567861 856582
11 668228 858122
11 682241 850176
11 712262 856869
11 671325 856592
11 680592 858526
11 683098 847245
11 646816 829778
11 675633 863416
11 677551 860007
11 683656 842406
11 678195 860537
11 700747 821557
11 679054 898217
11 676360 866112
11 665308 868551
11 665775 845662
11 660459 860658
11 670119 859029
11 672068 874862
11 644301 925034
11 704574 866263
11 665660 828338
11 680579 836946
11 682053 853410
11 672544 859978
11 713088 880834
11 680969 838864
11 674151 853540
11 664903 839150
11 641902 755287
11 683610 910782
11 676962 897430
11 594720 848457
11 658748 777680
11 700341 869730
11 640432 837036
11 668519 860048
11 672668 861428
11 638004 837697
11 673071 856021
11 668772 858570
11 636871 929410
11 599612 859210
11 739318 810528
11 654937 781879
11 663095 949045
11 658734 883214
11 647968 877873
11 682699 851115
11 684739 884934
11 667620 855461
11 616281 845406
11 697161 840318
11 679237 862389
11 664260 859029
11 674121 858589
11 700962 927047
11 723397 859761
11 648230 857418
11 677896 867053
11 680828 839011
11 680757 826912
11 673826 880137
11 694897 834591
11 683585 905984
11 671609 815681
11 669748 863109
11 674659 860894
11 659734 844127
11 656156 868643
11 653258 860766
11 684131 898331
11 666516 859837
11 655237 871554
11 653592 959882
11 659280 845579
11 646422 900526
11 627580 840406
11 604546 847329
11 631316 837043
11 705518 925936
11 662898 884734
11 718088 852181
11 666315 872311
11 710082 881600
11 674433 860605
11 685821 816579
11 678856 850293
11 669427 846395
11 687043 806921
11 657981 866945
11 676480 860779
11 704065 832648
11 669178 866011
11 693783 860206
11 683027 876064
11 670957 810768
11 674134 908464
11 637665 858741
11 664325 877878
11 664025 801796
11 672800 874378
11 685124 873363
11 674496 870664
11 684602 823981
11 677769 841641
11 651576 865180
11 650720 817440
11 674472 860330
11 673028 860593
11 683413 861559
11 669638 842011
11 674365 860819
11 687360 862438
11 662684 813662
11 673242 886958
11 674311 859933
11 595580 798572
11 636769 854047
11 685551 798742
11 663945 828490
11 717187 883275
11 706906 885612
11 675988 841317
11 671976 864630
11 669366 869654
11 651216 815098
11 676767 832479
11 657879 857942
11 665828 868934
11 674905 876286
11 640000 863831
11 672818 881943
11 634800 823669
11 658590 886551
11 639463 847461
11 625416 868848
11 672266 862875
11 723173 872525
11 688098 908495
11 673410 863889
11 679788 889464
11 615826 863168
11 598671 854219
11 753254 840123
11 669430 905798
11 726847 875488
11 648443 845340
11 674114 970756
11 675551 956849
11 677459 896720
11 634004 895206
11 653745 809028
11 682420 846881
11 666636 858686
11 682481 879399
11 656834 885944
11 718257 857481
11 672598 856928
11 693997 774817
11 612392 916853
11 671444 860206
11 671404 857240
11 689628 868984
11 704570 845515
11 652233 886054
11 705929 851313
11 682315 843851
11 667131 849230
11 707894 904500
11 649345 864613
11 629998 877765
11 659542 840985
11 621278 888326
11 682304 876841
11 679747 860939
11 663049 843538
11 672876 844123
11 689948 850548
11 696257 894819
11 629377 853726
11 658034 897179
11 696808 866039
11 699668 863774
11 669697 859388
11 606506 766728
11 672474 868765
11 697011 856357
11 708262 945359
11 653181 886417
11 674521 861127
11 729194 856897
11 663168 859429
11 644843 838626
11 672797 843231
11 680677 868629
11 614497 830844
11 646671 857872
11 679242 853941
11 665697 929571
11 749941 916922
11 602365 916673
11 684537 843821
11 694308 904062
11 731712 878998
11 667713 847241
11 730383 879136
11 689363 817577
11 728743 850843
11 683941 915579
11 722463 882675
11 670519 870010
11 683252 858182
11 669288 860515
11 675357 870850
11 673449 860643
11 687325 883004
11 603472 894573
11 669713 851017
11 693362 837786
11 605535 925341
11 687078 791051
11 672387 800443
11 683048 937776
11 713579 879202
11 571669 873544
11 695260 824882
11 702654 841548
11 601619 825604
11 564416 878492
11 703773 870419
11 674931 870112
11 673140 864863
11 681053 892766
11 683321 873932
11 701017 931252
11 645677 814395
11 677362 853471
11 659046 930099
11 665426 853940
11 691827 863963
11 650661 861267
11 599647 858702
11 684091 842566
12 870801 476330
12 878184 487392
12 854654 549222
12 889260 541423
12 870826 524625
12 868025 569296
12 861364 598127
12 825141 535997
12 906640 587296
12 906396 535803
12 887896 558572
12 817776 525600
12 844066 546029
12 848976 558706
12 897131 604582
12 845120 549830
12 872241 556733
12 857818 534525
12 794265 594573
12 857126 548151
12 842786 614034
12 889975 589361
12 841130 529745
12 813561 583156
12 855603 542414
12 887556 531797
12 837032 509264
12 793791 581315
12 904450 533427
12 879722 550246
12 839088 528460
12 869369 536868
12 871873 509094
12 900991 497149
12 919544 541255
12 860520 544023
12 863042 557890
12 889805 522039
12 879031 489881
12 852918 552112
12 903840 586229
12 932662 537069
12 908506 549611
12 867533 542290
12 844617 499013
12 862002 534006
12 883981 607581
12 864265 549505
12 883062 547498
12 860870 546516
12 895565 501871
12 843344 604964
12 864059 545894
12 830888 544022
12 858819 544904
12 853562 531620
12 873791 606643
12 859213 538040
12 841843 503359
12 842719 506205
12 847904 574114
12 863859 546898
12 888919 535805
12 855045 547633
12 863102 545783
12 829747 530312
12 850607 565348
12 810277 520837
12 879104 595389
12 840406 538772
12 838367 536676
12 837457 518745
12 861519 531277
12 816056 542574
12 862534 547936
12 808555 600511
12 862571 550965
12 832010 554080
12 882403 534710
12 840020 568424
12 865030 541150
12 846594 522941
12 890223 556874
12 873136 513309
12 846622 553552
12 905770 531812
12 803216 577565
12 914183 620056
12 877510 555087
12 861193 573954
12 840994 578455
12 875640 561262
12 876782 536438
12 849501 552769
12 866973 550375
12 906382 534459
12 822722 553764
12 861656 545794
12 856991 546255
12 865081 551012
12 895680 609341
12 867801 548156
12 846324 557586
12 840059 534876
12 860473 545982
12 937823 540173
12 886532 500026
12 904133 534915
12 880545 506175
12 833499 504718
12 854979 539793
12 818739 545052
12 838036 542999
12 846216 528037
12 850790 525740
12 864040 538985
12 869818 543227
12 879309 561548
12 860563 534839
12 846082 541026
12 860151 543055
12 847292 559228
12 838239 576018
12 837307 548214
12 853093 586321
12 884326 479802
12 838978 622330
12 842903 567914
12 832490 450680
12 844948 563321
12 859577 544625
12 908409 591215
12 819843 570485
12 875625 599766
12 887780 536497
12 884613 507507
12 849858 524682
12 846741 539481
12 870630 516603
12 843111 581603
12 869718 536928
12 857648 511640
12 881571 532467
12 860230 528054
12 861966 562885
12 898736 548642
12 961951 577029
12 866878 501919
12 874791 559085
12 874239 594786
12 915504 527751
12 758172 608152
12 859515 505303
12 861033 507671
12 837880 444574
12 827672 545966
12 869960 562146
12 858151 548242
12 877440 529137
12 821835 564313
12 846371 578530
12 829482 475863
12 860507 526669
12 878696 530134
12 837312 572687
12 886773 509047
12 879805 547494
12 859679 541785
12 910683 612854
12 860863 546060
12 874110 541972
12 790149 565157
12 873984 580836
12 873742 448214
12 894785 440382
12 874312 574582
12 879902 518647
12 851462 526597
12 839012 550376
12 808097 502521
12 879500 590791
12 864721 548447
12 866044 584750
12 876151 582116
12 819250 517655
12 807278 566392
12 872033 558924
12 894268 532597
12 846752 613846
12 850478 566230
12 849777 531138
12 823584 568458
12 823202 619103
12 843715 568319
12 861023 545953
12 889743 560547
12 862785 579661
12 880833 537039
12 854374 550707
12 842616 515205
12 860721 547751
12 831024 505776
12 829240 591428
12 860384 555572
12 853348 525893
12 849118 571562
12 856167 542249
12 853874 560250
12 838808 524944
12 814561 575281
12 773292 531652
12 891515 520429
12 805884 549492
12 833437 556713
12 843432 490725
12 791355 529644
12 865157 562132
12 920249 551171
12 808777 512952
12 898916 630099
12 863706 491401
12 857231 551055
12 877413 541536
12 838821 563842
12 854037 528890
12 824475 518063
12 857360 562228
12 856437 532452
12 862117 600081
12 839280 539324
12 885379 603686
12 859185 553000
12 865020 550686
12 882007 593653
12 861027 546004
12 846772 509036
12 844627 556401
12 861069 548327
12 854342 541611
12 844086 531300
12 923996 594948
12 832154 559403
12 803202 549001
12 856619 544008
12 897286 558004
12 851216 516166
12 858537 548576
12 828001 524067
12 849327 548496
12 858278 544519
12 793875 473793
12 766617 548142
12 847728 576707
12 858418 546935
12 816840 539239
12 852687 540692
12 861927 562723
12 892382 513991
12 811745 461099
12 800152 576217
12 870139 566584
12 859492 572224
12 830226 483466
12 850674 533083
12 834632 541216
12 899052 526048
12 925485 596955
12 893145 551400
12 839493 521150
12 883434 581923
12 873380 495161
12 765011 607246
12 898578 612291
12 906772 510158
12 858325 586062
12 795909 462864
12 812634 554848
12 846841 533595
12 810817 509540
12 826192 577784
12 856552 545271
12 848628 503773
12 784291 581417
12 890613 567037
12 870936 575427
12 851166 532382
12 871544 592403
12 870337 534303
12 819580 545900
12 912649 498734
12 870214 556246
12 853279 560714
12 857319 543529
12 878519 606677
12 858057 542933
12 860375 544804
12 888111 525539
12 892877 544283
12 788776 582930
12 875311 542259
12 875248 462524
12 835831 555864
12 885828 586348
12 916704 609548
12 893991 544467
12 866352 535933
12 872247 494281
12 832372 600070
12 902302 514170
12 877298 565604
12 873636 510687
12 854818 554389
12 915666 506439
12 905849 524809
12 862062 545736
12 900829 590250
12 859419 546754
12 855983 534803
12 916082 517633
12 874877 535143
12 885963 528959
12 853439 518568
12 855177 626376
12 814249 488483
12 857283 548467
12 865489 548920
12 913686 576892
12 880275 564545
12 861381 546835
12 880958 588608
12 868979 528502
12 872237 555834
12 861868 549168
12 836951 546244
12 836874 555991
12 769546 554722
12 855074 542557
12 868128 568529
12 878859 540155
12 852267 498220
12 874125 543036
12 846646 548548
12 851517 541076
12 806888 492319
12 831779 577161
12 860259 545444
12 892423 530999
12 838442 506780
12 853291 557685
13 801539 318482
13 801667 318542
13 814045 332998
13 800479 321640
13 757470 224976
13 844536 424646
13 797105 316002
13 779956 271501
13 797205 313318
13 801323 316240
13 783666 262902
13 806131 312752
13 830658 368694
13 802482 335269
13 801910 325434
13 808062 337340
13 789833 304422
13 803603 327255
13 800865 312968
13 802237 318526
13 803959 315173
13 800123 312312
13 780927 285057
13 797242 324588
13 801551 320544
13 809182 319115
13 801931 317202
13 820327 352701
13 801093 317509
13 798523 324500
13 805237 318655
13 803375 311620
13 801441 323812
13 797313 317527
13 788220 301915
13 790395 300024
13 817135 349925
13 797787 301470
13 804630 332333
13 808710 330379
13 802111 320817
13 796375 309563
13 819768 346596
13 814605 354382
13 800565 319364
13 802089 313456
13 814401 341234
13 796609 319691
13 776131 248465
13 803464 329093
13 802646 317894
13 809550 327365
13 795322 311178
13 830450 393096
13 778414 260729
13 800041 318331
13 802814 320130
13 802738 312234
13 823913 369439
13 803386 318982
13 812869 346251
13 798904 324420
13 800447 331643
13 807446 342555
13 804251 329956
13 797594 302109
13 803448 314797
13 765502 240340
13 795527 315510
13 794640 313497
13 808717 335740
13 790932 305223
13 816852 352965
13 826228 376658
13 795299 312036
13 808686 332209
13 809594 344872
13 799275 324108
13 798472 322218
13 824822 367091
13 795489 287279
13 800483 320713
13 783491 288029
13 797162 306135
13 800272 316170
13 806827 324616
13 802853 314938
13 800804 316615
13 813173 354777
13 801588 319814
13 797400 315778
13 823840 368410
13 811391 343836
13 801055 321833
13 804038 306622
13 803780 334441
13 834173 386159
13 802784 313853
13 807293 347456
13 817119 336333
13 786635 269352
13 824624 381716
13 797415 319840
13 800772 325023
13 806626 318966
13 800845 311838
13 769386 259892
13 797272 324228
13 807409 325526
13 795836 291870
13 798321 319665
13 805372 313397
13 790738 308028
13 800667 315995
13 795205 316433
13 809054 345541
13 808452 320117
13 779897 279572
13 782642 275308
13 797569 321799
13 801751 318110
13 787644 297715
13 807401 314610
13 800677 310656
13 800394 301473
13 795571 310093
13 814158 335578
13 811913 325091
13 806982 316680
13 775604 274485
13 800133 327081
13 806511 313841
13 803796 314893
13 802012 318315
13 826789 377676
13 814108 344096
13 804354 309671
13 807017 330432
13 803774 334756
13 817410 346944
13 841928 398948
13 816145 349032
13 818622 370753
13 786245 292352
13 784164 285702
13 805390 319676
13 790774 303642
13 803277 319525
13 833182 379714
13 773023 251826
13 801609 320399
13 778965 282290
13 814317 333112
13 805080 323708
13 801080 318049
13 799724 318884
13 798059 316113
13 806176 320301
13 769876 257669
13 825716 373098
13 791983 298565
13 801386 313545
13 804871 317801
13 810903 332925
13 838276 395673
13 810543 341180
13 777978 252419
13 820258 351165
13 801997 319385
13 779437 281959
13 810253 323873
13 794826 309589
13 814280 344223
13 832651 373469
13 794142 306704
13 802041 319504
13 804190 320706
13 798983 325682
13 840462 402858
13 799912 323363
13 804119 328544
13 804358 320802
13 803057 331037
13 803031 325811
13 784151 283760
13 800444 311497
13 802004 317772
13 803470 319069
13 811277 335577
13 803332 315488
13 800037 317963
13 813436 360446
13 800694 316789
13 838129 404012
13 764997 249477
13 800316 311699
13 806848 320541
13 805462 317833
13 798308 312788
13 802655 316263
13 801456 320080
13 801309 318213
13 840886 397888
13 829529 375007
13 830805 370801
13 804979 334141
13 804013 316083
13 808489 317021
13 770113 241615
13 804332 319006
13 833661 389733
13 797834 297329
13 794956 309980
13 801232 307078
13 809552 342258
13 794615 305632
13 809259 345634
13 811502 355939
13 801301 316893
13 803370 318247
13 804702 315881
13 797009 293194
13 813791 334609
13 812965 330224
13 826048 374236
13 800959 322309
13 803405 317316
13 802254 320673
13 783116 265635
13 798633 317300
13 801482 327644
13 798612 326404
13 799001 302014
13 802537 312497
13 799794 315080
13 793892 313943
13 804691 332987
13 793855 298525
13 796952 318633
13 800655 320227
13 801780 318992
13 805977 320805
13 796916 323332
13 820904 351763
13 808405 318841
13 765283 249459
13 824212 363776
13 798981 311092
13 797178 310439
13 800582 316980
13 803839 310353
13 796283 315582
13 801145 317601
13 801662 318423
13 801782 318281
13 803377 319212
13 803932 318781
13 806192 337849
13 789583 287700
13 801586 318947
13 804251 331304
13 799667 316830
13 759789 229116
13 799021 326404
13 793684 312065
13 806320 315242
13 786234 267976
13 821151 366545
13 801903 312794
13 782506 279930
13 803627 319323
13 794991 291216
13 794667 315069
13 799291 317500
13 798243 324160
13 804408 337683
13 818119 348676
13 810502 336169
13 793560 285392
13 801326 315779
13 808644 326320
13 813645 328765
13 800966 317165
13 797111 302781
13 802431 322048
13 811061 333595
13 786719 283364
13 773955 239849
13 803701 321815
13 783110 289805
13 800235 316652
13 807421 317527
13 797947 319734
13 805035 317469
13 801166 322298
13 846693 429031
13 801493 322249
13 806087 326636
13 810657 329468
13 801313 300606
13 800390 309948
13 801634 318965
13 799197 314215
13 795254 296488
13 807696 320548
13 800461 326821
13 801174 320442
13 809781 326904
13 826585 366934
13 804429 312164
13 788005 292268
13 801183 316191
13 695514 321521
13 700340 335010
13 738190 371970
13 721905 378957
14 746769 205186
14 756701 207223
14 860951 162251
14 860387 157731
14 857363 154639
14 863391 126214
14 839094 159543
14 849248 164090
14 875990 133950
14 905936 150106
14 895835 123485
14 818079 108536
14 898976 198452
14 869087 153957
14 849653 143827
14 834293 161575
14 844234 153197
14 835128 212354
14 828179 155649
14 875410 128878
14 850965 156224
14 800816 176612
14 832621 150748
14 876863 176593
14 826192 172906
14 862679 188399
14 839974 154358
14 854338 135067
14 855233 141357
14 850538 160159
14 868442 160118
14 888714 205560
14 864185 161232
14 851280 156049
14 875825 204959
14 840375 155757
14 892340 149050
14 873527 126426
14 836433 200181
14 826499 142732
14 854922 159650
14 883537 210648
14 807420 168787
14 840299 118907
14 834602 213597
14 864053 139325
14 856454 117143
14 857972 160214
14 850046 108829
14 804936 148980
14 864374 150149
14 858587 150101
14 870247 121460
14 855656 162100
14 850176 127908
14 850057 157848
14 828005 145089
14 861994 160156
14 849537 157510
14 867125 168762
14 838142 156770
14 847644 164348
14 856349 158150
14 860606 152843
14 869288 168662
14 838328 185708
14 860986 140320
14 829229 143653
14 866051 172932
14 871556 194747
14 865489 161762
14 851840 110475
14 846256 154064
14 836081 178429
14 859707 202806
14 849938 156042
14 894124 202052
14 864325 170593
14 848108 161786
14 817619 181929
14 858058 196183
14 861242 161722
14 885793 172115
14 850577 157049
14 877125 161227
14 883864 111281
14 891699 170415
14 802394 87835
14 862759 157988
14 824185 167369
14 813124 157130
14 840335 164912
14 858042 178196
14 846257 145306
14 858516 151301
14 851282 153750
14 905005 164126
14 857309 139276
14 845589 192916
14 895245 150977
14 863995 150435
14 862642 159379
14 861631 169376
14 858934 162874
14 912023 160368
14 842824 177832
14 824560 133679
14 842281 175525
14 860845 155375
14 841096 188742
14 821428 153468
14 840357 169437
14 827802 189078
14 844734 164570
14 847812 114745
14 887269 166179
14 830159 134329
14 850925 157811
14 847276 121785
14 870599 149782
14 780153 136449
14 814379 132655
14 834483 173379
14 852423 159874
14 854012 157449
14 883375 158482
14 850219 110573
14 836450 151205
14 881217 172320
14 813239 139752
14 871255 140340
14 789356 159383
14 873690 156226
14 858834 149259
14 778867 140736
14 872057 122354
14 882097 161493
14 787336 144875
14 849751 167033
14 843833 170416
14 850663 157840
14 812240 177846
14 838609 140215
14 850959 157920
14 859703 156782
14 854753 190254
14 895723 126593
14 857833 170565
14 850200 164752
14 845303 150476
14 877422 134877
14 850153 155701
14 819256 201704
14 871689 155981
14 818014 140185
14 815298 167390
14 864088 171351
14 902529 162041
14 908069 146564
14 799326 106384
14 854996 81095
14 843813 182032
14 888504 147016
14 877964 242679
14 851866 156896
14 821361 175823
14 810775 160434
14 843150 156573
14 844088 150085
14 830620 117906
14 835790 127898
14 819541 117296
14 858703 157931
14 857846 153281
14 876408 183646
14 842576 153072
14 848974 199427
14 862925 243856
14 856561 128799
14 834171 189042
14 872516 217570
14 869167 105039
14 819670 183364
14 846575 159002
14 895127 152283
14 830445 186055
14 792179 148539
14 852410 187705
14 853554 158012
14 927170 250593
14 825605 167750
14 846731 162515
14 878170 123364
14 884966 133900
14 866987 154415
14 846284 113820
14 873474 159567
14 878258 158631
14 882306 173836
14 856924 169071
14 794260 129843
14 851568 114049
14 868736 179354
14 925732 210388
14 868375 161990
14 855593 161003
14 849599 157084
14 868317 177001
14 800304 163436
14 823740 169808
14 856202 158811
14 883929 121705
14 851010 157593
14 872506 157517
14 850533 160136
14 816393 185056
14 850911 157772
14 812942 85345
14 835581 147664
14 913298 162009
14 858172 137586
14 872781 154295
14 871597 185239
14 923120 170161
14 837019 215527
14 835702 176502
14 837017 154170
14 859177 143273
14 866851 129505
14 855852 134834
14 924289 171369
14 860154 113364
14 836739 162321
14 850775 162968
14 884750 154317
14 849681 125345
14 854463 159977
14 883567 161769
14 848137 87922
14 823676 152154
14 848135 130674
14 844400 150812
14 864494 136669
14 878157 210496
14 851088 157432
14 786528 104976
14 860106 157080
14 861412 205239
14 820675 168154
14 834036 144156
14 842907 133992
14 846720 162060
14 871544 144135
14 849003 115373
14 856753 145184
14 839757 190518
14 865113 161302
14 846936 161313
14 845802 172285
14 844357 163402
14 881106 105566
14 877835 151890
14 839445 149778
14 866560 165110
14 845798 213118
14 818668 120458
14 831446 182864
14 900955 185733
14 836647 167267
14 874672 104851
14 849126 121710
14 889142 154467
14 855993 225023
14 854095 158510
14 850787 125678
14 859298 139834
14 829216 121494
14 837676 148639
14 851919 127963
14 841353 125628
14 848563 117708
14 893106 176595
14 852503 146551
14 848290 143184
14 825541 151495
14 883231 232031
14 864667 143614
14 805089 96540
14 854909 149938
14 847097 176660
14 910435 171155
14 878749 188759
14 871780 158486
14 841292 155620
14 846011 160034
14 855969 193497
14 860927 110775
14 808069 134402
14 848413 183717
14 791722 162000
14 852104 134678
14 806567 140259
14 847423 161535
14 867993 162841
14 828038 149181
14 849404 170474
14 841967 150890
14 850945 161669
14 888697 143969
14 813868 188928
14 864991 159874
14 881109 152198
14 811694 188374
14 900360 153622
14 885764 151791
14 814553 164190
14 895623 178393
14 829790 205695
14 865170 173755
14 850453 155432
14 864211 216526
14 848770 111076
14 791199 164843
14 834165 140684
14 843905 219401
14 857328 143692
14 838146 159541