244654.88563049852 847642.0410557184 
337565.118902439 562157.1768292683 
419220.9779179811 787783.1041009463 
735913.281553398 809252.6779935275 
857425.8120300752 563525.6340852131 
634691.85 597073.71 
398870.0484330484 404924.06552706554 
139682.37572254337 558123.4046242775 
167856.14071856288 347812.7155688623 
618027.0600600601 398910.3783783784 
592391.9748743719 562175.8844221105 
801616.7816455696 321123.3417721519 
852058.4525993884 157685.52293577982 
507818.3133903134 175610.41595441595 
320602.55 161521.85 
